2 1 3 43
1 3 6 99
3 5 8 94
3 1 8 57
4 2 3 11
2 3 7 38
2 6 4 74
4 6 7 7
2 2 6 42
4 2 6 99
3 4 8 81
1 3 1 55
4 5 4 30
4 4 3 59
4 3 8 73
1 5 7 79
1 6 3 92
3 3 6 30
4 5 1 34
4 6 5 28
4 5 7 26
1 3 6 78
2 2 1 3
3 6 4 54
3 1 5 72
4 1 2 87
2 5 6 1
4 5 2 45
2 2 7 8
2 2 4 60
1 5 6 16
3 3 6 66
2 2 2 38
4 4 6 29
2 3 4 71
3 2 5 14
4 6 8 94
4 1 7 29
3 5 2 99
2 2 6 8
2 6 7 41
3 6 1 20
4 6 6 11
2 2 8 99
4 1 2 98
1 1 6 59
2 5 1 44
2 5 7 11
1 6 7 58
2 6 7 25
3 6 3 40
4 6 8 66
3 4 1 8
4 2 2 4
4 5 4 19
1 4 3 45
3 1 6 42
1 4 4 85
4 1 1 46
3 4 1 42
3 4 2 98
3 3 4 8
4 6 7 85
3 4 1 75
2 2 6 17
4 2 8 85
2 6 1 89
1 6 1 99
3 3 7 11
2 4 7 97
4 4 6 49
3 1 5 44
1 1 5 75
4 6 6 78
1 2 1 79
2 6 8 97
1 2 8 54
2 1 7 71
3 6 2 76
3 4 4 83
3 2 8 70
4 4 2 14
1 5 4 55
3 2 5 4
2 2 5 62
2 2 3 80
4 1 8 31
2 1 1 68
1 1 4 34
3 1 5 75
2 3 7 71
2 5 8 94
3 2 4 53
4 4 6 17
2 4 4 19
3 2 4 95
2 1 6 14
2 4 7 26
3 5 4 30
3 1 8 16
4 2 2 26
1 6 7 59
4 4 7 32
4 6 6 4
2 2 7 90
3 3 7 30
4 5 3 62
3 5 6 69
4 5 7 29
3 4 4 67
1 5 7 52
3 6 4 33
3 3 6 48
4 5 1 74
3 4 8 17
2 5 8 94
4 2 4 22
2 1 7 97
3 4 7 80
3 2 4 61
4 2 5 1
3 6 4 76
2 5 2 66
3 2 5 88
4 1 6 38
2 3 5 82
1 5 1 4
1 3 8 32
1 3 2 65
3 1 5 100
2 4 8 56
2 5 3 68
2 6 8 63
2 5 4 61
4 6 7 49
1 3 2 71
1 2 8 4
4 6 6 77
4 5 2 49
1 5 2 78
2 6 2 32
2 4 5 11
2 3 7 97
3 2 3 81
2 6 6 59
3 3 5 40
2 4 4 81
2 6 7 49
3 1 8 49
3 6 4 9
3 1 8 5
3 5 3 25
2 1 4 67
4 2 1 4
2 6 5 51
1 5 3 39
2 5 4 13
4 1 6 18
3 2 4 42
4 5 6 13
1 1 6 27
3 5 4 39
4 2 2 66
1 6 7 31
2 2 8 44
3 1 6 100
2 4 4 63
3 1 2 58
3 2 1 74
3 4 7 56
1 6 2 5
1 2 4 61
3 4 5 91
4 4 4 91
4 1 7 72
1 6 1 15
1 5 3 11
3 3 2 23
4 3 6 39
4 3 8 32
3 1 7 3
3 4 2 54
4 4 4 55
4 2 6 93
1 5 3 97
3 4 5 12
2 3 5 98
3 3 6 56
2 6 8 83
3 1 6 72
3 5 6 92
4 5 3 18
1 2 5 88
1 6 8 90
3 1 6 13
2 1 3 92
2 4 2 43
2 1 1 16
1 5 2 23
1 6 6 28
